2.54
2.54
2.54
2.54
2.54
2.54
2.54
2.54
2.54
2.54
2.54
2.54
2.54
2.54
0.7083779590072593
0.9452626836972676
1.0334083174021842
1.396755634892838
2.2651442808608784
2.54
2.445046893916741
2.54
1.051941987835597
2.3326785954447056
0.7166570130546931
1.2143959617525435
0.8187999642676899
0.8883337769577931
1.0306812405329138
0.9318258205116573
0.7584838717131652
0.644188013394214
0.8987453200911564
2.54
2.54
2.54
2.54
2.54
2.54
1.8353967159788371
0.8908649594736681
1.4205105469241925
0.9291257600544454
1.308123602354874
1.520420334248032
2.0333502082643355
2.54
2.54
2.4594147114319522
2.54
2.54
2.54
2.3343798970869454
2.54
2.54
2.3479453184394723
2.54
2.54
2.54
2.490011810216453
2.54
2.54
2.445409773133237
2.54
2.398481483779845
2.54
2.54
2.54
2.54
2.54
2.54
2.54
2.103460110065963
2.54
2.54
1.9685794182187946
2.3173134119929357
1.1777905087015048
2.0289677055473176
2.54
2.54
1.0610946424157397
1.0549109670388075
0.8932063922403973
0.9214487032145389
0.8062812213577245
1.3209862821429084
1.6919703043017387
2.0062265682905673
1.5098610202624343
2.54
2.54
2.54
2.54
1.690784772456133
2.313712360186281
2.54
2.54
2.54
2.54
2.54
2.54
2.2745609560391964
2.0743820256182124
2.54
2.54
2.54
2.54
2.54
2.54
2.54
2.54
2.54
2.54
2.3238302465126375
2.54
2.54
2.538515119894064
1.692503774555239
0.7134016358250541
0.8254056947862819
0.6915427373776472
0.6464545430865464
0.7624464290479351
2.0269849966599147
2.073072469938063
1.7198817819312053
2.54
2.54
2.54
2.54
2.2569062826247546
2.54
2.54
2.54
2.54
2.54
2.54
1.845925618629839
2.54
2.54
2.54
2.54
2.54
2.54
2.54
2.54
2.54
2.54
2.54
2.0780270693585456
1.9126726775096088
1.7059003673516018
0.8194790018981918
1.818831583794396
2.1059427446203873
1.3342402489736491
1.1353975349293168
0.9817378282676522
0.9940506272838541
0.8371709204623713
2.54
1.263118296212819
1.3889248654899722
1.7823097014837517
2.2770870022773018
2.425899126170927
2.54
2.54
2.54
1.8226437343364397
2.54
2.242241057096508
2.54
2.54
2.1006307298154128
2.54
2.0095608265763425
2.54
1.358388779780795
0.8616696719768798
1.2921649379267623
1.527501317283561
0.9507432131730122
0.923260468856477
0.9685416516559064
1.119341913679782
1.3803991710593786
1.3090569815768949
1.102746817681012
-2.54
-2.54
-1.2787049438424227
-0.862162591951975
-2.54
-0.9791725945115811
-1.4515950199852485
-2.54
-2.54
-2.54
-2.54
-2.54
-1.6778799217859668
-2.54
-2.54
-2.54
-2.54
-2.54
-2.54
-2.54
-2.54
-1.9815238098579222
-2.54
-2.54
-2.54
-2.54
-2.54
-2.54
-2.54
-1.8881468885767765
-2.5320383880776407
-2.54
-2.54
-2.54
-2.54
-2.54
-2.54
-2.075686399946427
-2.54
-1.7787579270432654
-1.2547809057574948
-0.821435817461243
-0.7410679124032378
-2.0101618975857254
-1.7105558870181374
-0.9792990211380873
-0.9457825736346306
-0.6185365462850804
-2.1939426065800682
-2.54
-0.9931802520210758
-0.4708915181565265
-0.8290310933523897
-1.8127590503361808
-2.54
-2.54
-2.54
-2.54
-2.54
-2.54
-1.8497874682196835
-1.6260425752200232
-1.0002174967825352
-2.54
-2.54
-2.54
-2.54
-2.2826567802257887
-2.54
-2.54
-2.54
-2.3430543572203173
-2.54
-2.54
-2.3842966180100644
-2.54
-2.54
-1.8969675121707097
-2.54
-2.54
-1.8335190614260701
-2.54
-2.54
-2.54
-2.54
-2.54
-2.54
-2.54
-1.4058496675531036
-0.859245082087865
-1.114806609711636
-0.9989327255250579
-2.0791522394076174
-2.395889535064508
-1.9235659767785238
-2.54
-2.54
-2.54
-2.54
-2.54
-2.54
-2.54
-2.54
-2.54
-2.54
-2.54
-2.54
-2.54
-2.54
-2.54
-2.54
-2.4537822151826356
-2.54
-2.1494879980839943
-2.376208460751014
-1.9207648405654179
-1.0545255566867733
-1.264936671705463
-1.1298499639822908
-1.4167500794087122
-1.2433143688358066
-1.2853139265740172
-2.0441873699792352
-1.0561621708248934
-1.6077415698931263
-2.54
-2.54
-2.54
-0.9922670066422964
-0.8056242926067425
-0.46866848471003175
-1.1287194486526777
-2.54
-1.9584629988752702
-1.0968980988388732
-2.54
-2.54
-2.272823408654899
-2.1001220088632144
-2.54
-2.54
-2.54
-2.54
-2.54
1.7566617791423647
1.1537726577955607
0.9155967473588015
1.2093740884878816
1.2406226330093735
1.5920282970729231
1.5402010656139844
2.54
2.1500111661255583
2.106677978272075
2.54
2.4717071570837432
2.5362103343157787
2.3188715620069464
0.0
0.0
