2.54
2.54
2.54
2.304710267444772
1.9178207614871645
1.7020558625452646
1.4517892296646584
1.3449769473313529
1.27
1.27
1.27
1.27
1.27
1.27
1.4110403179796518
1.3894388258544719
1.457277812950832
1.4936464748607128
1.6083701733937583
1.5932932979170737
1.7506508382184565
1.7605575959930795
2.007059456328434
2.0801916640978733
2.4213878886710463
2.54
2.54
2.54
2.54
2.54
2.54
2.54
2.54
2.54
2.54
2.54
2.54
2.54
2.54
2.54
2.54
2.54
2.54
2.54
2.54
2.54
2.54
2.54
2.54
2.54
2.54
2.54
2.4248826305946913
2.276343800616155
2.090881259062453
2.0199565644760304
1.9770799567306863
1.945919138457016
1.9679190459479856
1.997561637589535
2.055310422452529
2.094011054137424
2.131194219670999
2.175546119211461
2.1996232753391696
2.436293422079021
2.505970489336445
2.54
2.54
2.54
2.54
2.54
2.54
2.54
2.54
2.54
2.54
2.54
2.54
2.54
2.54
2.54
2.54
2.54
2.54
2.54
2.54
2.54
2.54
2.54
2.54
2.54
2.54
2.54
2.54
2.453607617139935
2.354052669534648
2.2035672390385286
2.190223249632163
2.1523292558711606
2.1820324915481883
2.1641692290157546
2.2139814692438673
2.281063405505297
2.2774426746641288
2.2917795769289033
2.353391032630297
2.372077789440046
2.3810782720195847
2.2382190978187686
2.5154788987785
2.3685002621779447
2.332202327474517
2.439995464368012
2.384359883597935
2.449911552418201
2.537225469127779
2.5211958781900683
2.54
2.5329732581176088
2.54
2.54
2.5351991331044226
2.4386628418760377
2.54
2.3976386352232306
2.398849770243943
2.418088636337427
2.3440164730881667
2.3666247730286982
2.0269911089937507
1.27
1.27
1.27
1.27
1.27
1.27
1.27
1.27
1.27
1.27
1.27
1.27
1.27
1.27
1.27
1.27
1.27
1.27
1.27
1.27
1.27
1.27
1.27
1.27
1.27
1.27
1.27
1.27
1.27
1.27
1.27
1.27
1.27
1.27
1.27
1.27
1.27
1.27
1.27
1.2908190651531046
1.298656701929435
1.2917371279027914
1.3069089300499865
1.3042861271478996
1.27
1.27
1.27
1.27
1.27
1.27
1.27
1.27
1.27
1.27
1.27
1.27
1.27
1.27
1.27
1.27
1.27
1.27
1.27
1.27
1.27
1.27
1.27
1.27
1.27
1.27
1.27
1.27
1.27
1.27
1.27
1.27
1.27
1.27
1.27
1.27
1.27
1.27
1.27
1.27
1.3047040426048757
1.3351788567451939
1.4139215457815926
1.4400161495570136
1.4252928677237122
1.3767596225098166
1.2845582422376138
1.27
1.27
1.27
1.27
1.27
1.27
1.27
1.27
1.27
1.27
1.27
1.27
1.27
1.27
1.27
1.27
1.2833078548818149
1.27
1.294018536496089
1.27
1.27
1.3059277980162647
1.3297459621611725
1.3183066442456992
1.3340016375403734
1.3837867972917408
1.3860904905152638
1.4023982732583875
1.4344913301236268
1.4817360351057958
1.50311271334334
1.7979089628814484
1.8692121500625796
2.002209736709711
1.9873360378512674
1.9878470551978782
2.0619226590953645
2.021132400401289
2.0449099646856115
1.8840065433074615
1.8613788152893174
1.7239330510899307
1.5918729861148002
1.4693368210400977
1.4079855311002276
1.3486616150686594
1.3044955908994913
1.27
1.4892472755615112
1.4504940736895542
1.4620248348535387
1.4278637907081424
1.4578553668267764
1.4407646643929102
1.4630642471508875
1.446044158056722
1.4426104588410913
1.4536592746196866
1.4194316196577752
1.393036340088293
1.3503689224366344
1.2999094566634202
1.27
1.27
1.27
1.27
1.27
1.27
1.27
1.27
1.27
1.27
1.27
1.27
1.27
1.27
1.2720352722192538
1.27580553284894
1.27
1.2979020154383223
1.27
1.27
1.27
1.3625633267036679
1.389948368509901
1.413810447373807
1.4469568324959245
1.4474419346395244
1.49032191070132
1.5032563674715858
1.5415106562023382
1.537329376138289
1.542320363338696
1.504464646131396
1.5203516991940642
1.463031957294819
1.4575897844652264
1.4051632503379579
1.3651641592760677
1.308371210151866
1.27
1.6404992897424753
1.5562236819411621
1.4961864777844134
1.448937799319424
1.4096596809442474
1.4343077539004532
1.4470534418782552
1.5821745614042697
1.27
1.27
1.27
1.27
1.27
2.54
2.54
2.54
2.54
2.54
2.54
2.54
2.54
2.54
2.54
2.54
2.54
2.54
2.54
2.4940030558434967
2.362445085097256
2.0140002343416925
1.9865760881154684
1.8344374303381397
1.780874710100313
1.8535444486049302
1.7996993252608597
1.841109729173218
1.9242135381726544
1.9795650988205766
2.0767258047710273
2.076115420889731
2.300490686955498
2.2830437987051697
2.4734174686034907
2.54
2.54
2.54
2.54
2.54
2.54
2.54
2.54
2.54
2.54
2.54
2.54
2.54
2.54
2.54
2.54
2.54
2.54
2.54
2.54
2.533724886471
2.4103943418232494
2.430728236454999
2.4818611631199325
2.5370669891766027
2.509177802541245
2.5371514193756806
2.493379613379049
2.5064515540651175
2.515577755334677
2.445105131155009
2.4390740468874244
2.368314626283301
2.3986813756966745
2.352927913846016
2.32850490720152
2.1243649912472207
2.1550027401266862
2.271703798291279
2.1616790924667213
2.136294030967448
2.184705786058822
2.1200059593803715
2.2031224378386582
2.2786815538243568
2.241889745050647
2.1678233887525082
2.2798273769950357
2.401875188913918
2.139476553081989
2.4664851762159556
2.424836202947799
2.3307334481436044
2.460467625677021
2.4513251331047234
2.458318158920797
2.54
2.54
2.5373553309248704
2.54
2.54
2.54
2.54
2.54
2.54
2.54
2.54
2.54
2.54
2.54
2.54
2.54
2.54
2.54
2.54
2.54
2.54
2.54
2.54
2.54
2.54
2.54
2.54
2.54
2.54
2.54
2.54
2.54
2.54
2.54
2.54
2.54
2.54
2.54
2.54
2.54
2.54
2.54
2.54
2.54
2.54
2.54
2.54
2.54
2.54
2.54
2.54
2.54
2.54
2.54
2.454800849671164
2.54
2.54
2.443180986277932
2.52052013930578
2.427757048681108
2.484213722685741
2.279590415097432
2.4654697742510496
2.477063730635609
2.52496281138375
2.5364881186750363
2.54
2.54
2.54
2.54
2.54
2.54
2.54
2.54
2.54
2.54
2.54
2.54
2.255184562034772
2.1297611374805414
2.2488926798754023
2.3958818044011303
2.3383291405861466
2.3443639965543044
2.2914332253180665
2.453573522120117
2.54
2.5094357871316637
2.54
2.54
2.54
2.54
2.54
2.54
2.54
2.54
2.54
2.54
2.54
2.54
2.54
2.54
2.54
2.54
1.8077794743182676
1.9530614694745954
1.873544259671946
1.853202769454575
1.9335730829357163
1.7911575448004275
1.9372302422906575
1.9859709043932736
1.8000306278347165
1.9327379402245346
2.140525846957073
1.8983832858492307
2.1083464095286297
2.000366780293927
2.2385427084475142
2.035747117809584
2.046002549121538
2.1758726966390727
2.169002004156839
2.1358867305554723
2.317920489466504
2.25736961528638
2.3166441509200144
2.4063929404336206
2.42555023090506
2.347864973424825
2.54
2.54
2.54
2.54
2.54
2.54
2.54
2.54
2.54
2.54
2.54
2.54
2.5035889654574923
2.4061324386441014
2.4218109340194025
2.336485479524733
2.479819346931026
2.506083672940734
2.54
2.54
2.54
2.54
2.54
1.9569797202816337
1.9331515330274702
1.8854570945844853
1.9216408148384225
1.914504661619147
2.080275931373208
1.9732631842579116
2.159046268915547
2.2528147473107967
2.54
2.54
2.54
2.54
2.54
2.54
2.54
2.54
2.54
2.54
2.54
2.54
2.54
2.54
2.54
2.54
2.54
2.54
1.9961288434622644
1.8193137849557444
1.953163914007658
1.8083769988319904
1.7524399470066196
1.8536729018415257
1.6841833744871137
1.7190866066476727
1.8509709189083838
1.829873055991666
1.7686504885477106
1.8030655587256437
1.9177238526040041
1.9366442761060405
2.0207737837524884
2.0684366578345648
2.1065973770703974
2.166655095800509
2.114746986709445
2.0822086198486893
2.162887794789138
2.01706001065619
1.9604922081383453
1.9875590014680158
1.9425532996116868
1.27
1.27
1.27
1.27
1.27
1.27
1.27
1.27
1.27
1.27
1.27
1.27
1.27
1.27
1.27
1.27
1.27
1.27
1.27
1.3517199591441451
1.3949254005552303
1.4550501829076758
1.4517828442595035
1.4778068686991184
1.27
1.27
1.27
1.27
1.27
1.4317859813523954
1.7630765348293866
1.9713183525603788
2.024670087229757
2.5209919403926198
2.54
2.54
2.54
2.54
2.1664700946139575
1.861416943474842
1.8492390100680984
1.781865500979937
1.951675358006604
2.1488733205459365
2.54
2.54
2.54
1.27
1.27
1.295884848391166
1.2836690007197324
1.303227891501008
1.2868460519755673
1.749295476896538
1.6363268661349384
1.600014731846931
1.4154846393336817
1.2707721815507256
1.27
1.27
1.27
1.27
1.27
1.27
1.27
1.27
1.27
1.27
1.27
1.27
1.27
1.27
1.27
1.27
1.27
1.27
1.27
1.27
1.27
1.27
1.27
0.0
0.0
0.0
0.0
0.0
0.0
0.0
