2.0515700828229266
1.9695024256735685
1.8838630005215533
1.7688809470210454
1.6819452442734486
1.5712860353016795
1.4517892296646584
1.3449769473313529
1.27
1.27
1.27
1.27
1.27
1.27
1.3919050308091279
1.3894388258544719
1.457277812950832
1.4936464748607128
1.5981519578225045
1.5932932979170737
1.6904105736682744
1.7605575959930795
1.8629660638655017
1.9572027373561791
2.0474106555545446
2.1314388074256034
2.2059331989495847
2.2874304244500987
2.3572945427951337
2.4239929735611363
2.4889046406513446
2.54
2.54
2.54
2.54
2.54
2.54
2.54
2.54
2.54
2.54
2.54
2.54
2.54
2.54
2.54
2.54
2.54
2.54
2.54
2.54
2.4408476587893673
2.3283214938701198
2.2155001137663106
2.090881259062453
2.0199565644760304
1.9770799567306863
1.945919138457016
1.9679190459479856
1.997561637589535
2.055310422452529
2.094011054137424
2.131194219670999
2.175546119211461
2.1996232753391696
2.327102076674755
2.4440614420255695
2.54
2.54
2.54
2.54
2.54
2.54
2.54
2.54
2.54
2.54
2.54
2.54
2.54
2.54
2.54
2.54
2.54
2.54
2.54
2.54
2.54
2.54
2.54
2.54
2.54
2.54
2.54
2.5166025230575593
2.3905694750868514
2.271926439781766
2.2035672390385286
2.190223249632163
2.1523292558711606
2.1820324915481883
2.1641692290157546
2.2139814692438673
2.281063405505297
2.2774426746641288
2.2917795769289033
2.353391032630297
2.372077789440046
2.3686228618494094
2.2382190978187686
2.3042622962329316
2.3685002621779447
2.332202327474517
2.3984113265961846
2.384359883597935
2.442988229294783
2.5106974499325534
2.5211958781900683
2.54
2.5329732581176088
2.54
2.4550697583648473
2.3347561622295103
2.2102143491402084
2.097930409772298
1.9790520891591652
1.8705067557455475
1.7498539738883647
1.6512355172136812
1.537963229711349
1.426173224201235
1.27
1.27
1.27
1.27
1.27
1.27
1.27
1.27
1.27
1.27
1.27
1.27
1.27
1.27
1.27
1.27
1.27
1.27
1.27
1.27
1.27
1.27
1.27
1.27
1.27
1.27
1.27
1.27
1.27
1.27
1.27
1.27
1.27
1.27
1.27
1.27
1.27
1.27
1.27
1.2908190651531046
1.298656701929435
1.2917371279027914
1.3069089300499865
1.3042861271478996
1.27
1.27
1.27
1.27
1.27
1.27
1.27
1.27
1.27
1.27
1.27
1.27
1.27
1.27
1.27
1.27
1.27
1.27
1.27
1.27
1.27
1.27
1.27
1.27
1.27
1.27
1.27
1.27
1.27
1.27
1.27
1.27
1.27
1.27
1.27
1.27
1.27
1.27
1.27
1.27
1.3047040426048757
1.3351788567451939
1.4139215457815926
1.4400161495570136
1.4252928677237122
1.3767596225098166
1.2845582422376138
1.27
1.27
1.27
1.27
1.27
1.27
1.27
1.27
1.27
1.27
1.27
1.27
1.27
1.27
1.27
1.27
1.2833078548818149
1.27
1.294018536496089
1.27
1.27
1.3059277980162647
1.3297459621611725
1.3183066442456992
1.3340016375403734
1.3837867972917408
1.3860904905152638
1.4023982732583875
1.4344913301236268
1.4817360351057958
1.50311271334334
1.6460096685664933
1.7799605572140433
1.8934183121859844
1.9873360378512674
1.9878470551978782
2.0619226590953645
2.021132400401289
1.9918163327829335
1.8840065433074615
1.833560788367879
1.7239330510899307
1.5918729861148002
1.4693368210400977
1.4079855311002276
1.3486616150686594
1.3044955908994913
1.27
1.4085380741412667
1.4504940736895542
1.4620248348535387
1.4278637907081424
1.4578553668267764
1.4407646643929102
1.4630642471508875
1.446044158056722
1.4426104588410913
1.4536592746196866
1.4194316196577752
1.393036340088293
1.3503689224366344
1.2999094566634202
1.27
1.27
1.27
1.27
1.27
1.27
1.27
1.27
1.27
1.27
1.27
1.27
1.27
1.27
1.2720352722192538
1.27580553284894
1.27
1.2979020154383223
1.27
1.27
1.27
1.3625633267036679
1.389948368509901
1.413810447373807
1.4469568324959245
1.4474419346395244
1.49032191070132
1.5032563674715858
1.5415106562023382
1.537329376138289
1.542320363338696
1.504464646131396
1.5203516991940642
1.463031957294819
1.4575897844652264
1.4051632503379579
1.3651641592760677
1.308371210151866
1.27
1.448297218336797
1.5562236819411621
1.4961864777844134
1.448937799319424
1.4096596809442474
1.4343077539004532
1.4470534418782552
1.4131834467775124
1.27
1.27
1.27
1.27
1.27
1.3981962049475536
1.5155874290384845
1.6186769731751771
1.7237331988475313
1.822744397366436
1.9166476294437431
2.0158219503349795
2.1146116075332566
2.220028972123161
2.289484184774714
2.3589929463145087
2.4322805590809615
2.363179405290468
2.2814783764850377
2.196740827487075
2.1086007075613895
2.0140002343416925
1.930712838573731
1.8344374303381397
1.780874710100313
1.8535444486049302
1.7996993252608597
1.841109729173218
1.9242135381726544
1.9795650988205766
2.069696531447645
2.076115420889731
2.16906515208629
2.2611695534075245
2.35423498851654
2.452909299216082
2.54
2.54
2.54
2.54
2.54
2.54
2.54
2.54
2.54
2.54
2.54
2.54
2.54
2.54
2.54
2.54
2.54
2.54
2.54
2.5139611936331745
2.4103943418232494
2.430728236454999
2.4818611631199325
2.5370669891766027
2.509177802541245
2.5371514193756806
2.493379613379049
2.5064515540651175
2.515577755334677
2.445105131155009
2.4390740468874244
2.368314626283301
2.3986813756966745
2.352927913846016
2.2620046352653103
2.1243649912472207
2.1550027401266862
2.271703798291279
2.1616790924667213
2.136294030967448
2.184705786058822
2.1200059593803715
2.2031224378386582
2.2786815538243568
2.234932656452156
2.1678233887525082
2.241108683944284
2.2179748755829785
2.139476553081989
2.2179748755829785
2.2859032611930226
2.3307334481436044
2.400766385305116
2.4513251331047234
2.458318158920797
2.530479830087515
2.54
2.5373553309248704
2.54
2.54
2.54
2.54
2.54
2.54
2.54
2.54
2.54
2.54
2.54
2.54
2.54
2.54
2.54
2.54
2.54
2.54
2.54
2.54
2.54
2.54
2.54
2.54
2.54
2.54
2.54
2.54
2.54
2.54
2.54
2.54
2.54
2.54
2.54
2.54
2.54
2.54
2.54
2.54
2.54
2.54
2.54
2.54
2.54
2.54
2.54
2.54
2.54
2.54
2.521390101127132
2.454800849671164
2.529254182135884
2.51401557851808
2.443180986277932
2.487657975249922
2.4163164296370256
2.3534198707697325
2.279590415097432
2.3484967181127
2.415438098848356
2.4852351673227835
2.5364881186750363
2.54
2.54
2.54
2.54
2.54
2.54
2.54
2.54
2.508138601844335
2.4428772702765045
2.36170475666066
2.286436582095132
2.208604792680698
2.1297611374805414
2.212946077085065
2.2931153868590974
2.3383291405861466
2.3443639965543044
2.2914332253180665
2.366813728076873
2.439866435019494
2.5094357871316637
2.54
2.54
2.54
2.54
2.54
2.54
2.54
2.54
2.54
2.54
2.4906847874594367
2.4297141211430326
2.3022854239243675
2.2361838415511825
2.1002646719123166
1.9574768081916347
1.8077794743182676
1.9530614694745954
1.873544259671946
1.853202769454575
1.9335730829357163
1.7911575448004275
1.8810224215291786
1.8830962354480483
1.8000306278347165
1.8850250545842515
1.9663490665895706
1.8983832858492307
1.9847592540700476
2.000366780293927
2.068345616530825
2.035747117809584
2.046002549121538
2.1201404046056576
2.169002004156839
2.1358867305554723
2.2130120475017554
2.25736961528638
2.3166441509200144
2.387938508131414
2.410906454725101
2.347864973424825
2.423317959623779
2.484746707829348
2.54
2.54
2.54
2.54
2.54
2.54
2.54
2.54
2.54
2.54
2.5035889654574923
2.4061324386441014
2.4218109340194025
2.336485479524733
2.4516744656163936
2.506083672940734
2.54
2.4675479971918666
2.353309653642082
2.231058061807656
2.0977508320357767
1.9569797202816337
1.9331515330274702
1.8854570945844853
1.9216408148384225
1.914504661619147
1.9905559392942955
1.9732631842579116
2.1336359919983257
2.201787519358887
2.2801336096216267
2.347811421940328
2.4701467474879144
2.5363331375512836
2.54
2.54
2.54
2.54
2.54
2.54
2.54
2.54
2.54
2.54
2.4896591281991096
2.3763121186619496
2.2558428642455337
2.1206448407189766
1.986351240627525
1.8193137849557444
1.953163914007658
1.8083769988319904
1.7524399470066196
1.8376580037319608
1.6841833744871137
1.7190866066476727
1.7963630800312982
1.829873055991666
1.7686504885477106
1.8030655587256437
1.8867735193425381
1.9366442761060405
2.0207737837524884
2.0684366578345648
2.1065973770703974
2.166655095800509
2.114746986709445
2.0822086198486893
2.0247150188055825
1.8818710503763916
1.7368514558558734
1.5832412891624155
1.4316796406168637
1.27
1.27
1.27
1.27
1.27
1.27
1.27
1.27
1.27
1.27
1.27
1.27
1.27
1.27
1.27
1.27
1.27
1.27
1.27
1.3517199591441451
1.3949254005552303
1.4550501829076758
1.4517828442595035
1.4246660379483658
1.27
1.27
1.27
1.27
1.27
1.3862787974392483
1.5010428823805217
1.6137753040825775
1.7145497743407105
1.8320628396360417
1.9231502478758695
2.0253680152795024
2.117534712621724
2.0622000904648914
1.9668456367665044
1.861416943474842
1.8492390100680984
1.781865500979937
1.8753925698669658
1.7832166009906603
1.667216699809864
1.5454641308722548
1.3862787974392485
1.27
1.27
1.295884848391166
1.2836690007197324
1.303227891501008
1.2868460519755673
1.4111636893394301
1.513731468296168
1.5303273693262596
1.4021422662215053
1.2707721815507256
1.27
1.27
1.27
1.27
1.27
1.27
1.27
1.27
1.27
1.27
1.27
1.27
1.27
1.27
1.27
1.27
1.27
1.27
1.2656774770022365
1.1224468131100935
0.9700425113771896
0.7887192780051243
0.5596509584261573
0.0
0.0
0.0
0.0
0.0
0.0
0.0
