1.5923452201035089
1.5216975060722455
1.4472926724207327
1.511420768433744
1.5813683365303253
1.6513630690312726
1.7236969275586291
1.7873829740223657
1.8586925232068474
1.9179011167354318
1.9746523526734425
1.9832145474982041
1.9260148347451864
1.867063562364321
1.7995944010724998
1.7294952069417335
1.6576619587909054
1.5949552937555302
1.5154194308975093
1.4314711712097703
1.3511117334457179
1.27
1.3659729912459728
1.2806112068174755
1.3624603258643353
1.3884986274308202
1.340221590453644
1.4004898822976761
1.3249374730901147
1.27
1.2731574032935293
1.3616783208066927
1.4332368434264222
1.4864549466028643
1.5661605312010811
1.6470758359869324
1.7149034650708126
1.7837392707701776
1.8465537823490419
1.91151562468692
1.9783558788605822
2.0351724910783493
2.0750884148400615
2.021159248812348
1.9657511258335705
1.9080279586436804
1.8431658063652445
1.7814750607303103
1.7118244334020163
1.6460363514966454
1.5775070364675534
1.5034937196692295
1.430065303683519
1.3486336058469475
1.27
1.369656500280022
1.333394770444811
1.2467296483598964
1.14644442346744
1.0313755544789482
0.9205446528272915
0.8021481641849012
0.6445204358943009
0.464119157421216
0.0
0.0
