0.33,0.51,273.26
0.33,0.4,273.26
0.34,0.29,273.26
0.35,0.18,273.26
0.35,0.05,273.26
0.36,-0.07,273.26
0.37,-0.19,273.26
0.37,-0.33,273.26
0.38,-0.47,273.26
0.39,-0.58,273.26
0.39,-0.68,273.26
0.4,-0.8,273.26
0.41,-0.91,273.26
0.41,-1.03,273.26
0.42,-1.16,273.26
0.43,-1.29,273.26
0.44,-1.43,273.26
0.44,-1.56,273.26
0.45,-1.71,273.26
0.46,-1.85,273.26
0.47,-2.0,273.26
0.48,-2.15,273.26
0.49,-2.31,273.26
0.5,-2.46,273.26
0.51,-2.63,273.26
0.51,-2.79,273.26
0.52,-2.97,273.23
0.53,-3.14,272.76
0.54,-3.31,271.4
0.54,-3.47,268.99
0.53,-3.64,265.34
0.51,-3.8,260.81
0.48,-3.96,256.13
0.43,-4.12,251.27
0.37,-4.29,246.56
0.29,-4.45,242.0
0.2,-4.6,237.47
0.1,-4.75,233.01
-0.01,-4.88,228.82
-0.12,-5.0,224.63
-0.23,-5.1,220.8
-0.34,-5.19,217.01
-0.45,-5.27,213.37
-0.56,-5.34,209.73
-0.66,-5.39,206.48
-0.75,-5.43,203.23
-0.88,-5.48,198.55
-1.01,-5.52,194.12
-1.13,-5.55,190.04
-1.26,-5.56,186.12
-1.39,-5.57,182.33
-1.49,-5.57,179.77
-1.64,-5.57,176.25
-1.75,-5.56,173.87
-1.86,-5.55,171.6
-1.98,-5.53,169.33
-2.1,-5.5,167.08
-2.22,-5.47,164.9
-2.34,-5.44,162.74
-2.47,-5.39,160.67
-2.6,-5.34,158.58
-2.73,-5.29,156.61
-2.86,-5.23,154.63
-2.99,-5.17,152.69
-3.13,-5.09,150.75
-3.27,-5.01,148.88
-3.4,-4.93,147.06
-3.54,-4.84,145.26
-3.68,-4.74,143.47
-3.81,-4.64,141.73
-3.94,-4.53,139.91
-4.07,-4.41,137.35
-4.19,-4.3,133.86
-4.31,-4.17,129.05
-4.4,-4.04,123.4
-4.48,-3.89,116.31
-4.54,-3.75,108.5
-4.58,-3.59,99.76
-4.6,-3.43,91.14
-4.59,-3.26,82.32
-4.55,-3.09,73.67
-4.49,-2.93,65.5
-4.41,-2.77,57.17
-4.3,-2.63,49.2
-4.17,-2.49,41.18
-4.02,-2.38,33.53
-3.86,-2.29,26.24
-3.69,-2.22,20.44
-3.51,-2.16,15.53
-3.32,-2.12,10.78
-3.14,-2.09,6.4
-2.95,-2.08,2.04
-2.75,-2.08,-2.34
-2.56,-2.09,-6.59
-2.45,-2.11,-8.68
-2.26,-2.14,-12.76
-2.16,-2.17,-14.8
-2.06,-2.19,-16.81
-1.96,-2.23,-18.81
-1.86,-2.26,-20.79
-1.76,-2.3,-22.8
-1.66,-2.35,-24.79
-1.47,-2.44,-28.52
-1.38,-2.49,-30.4
-1.29,-2.55,-32.27
-1.2,-2.61,-34.12
-1.1,-2.67,-36.0
-1.02,-2.74,-37.86
-0.94,-2.8,-39.61
-0.85,-2.88,-41.37
-0.7,-3.01,-44.74
-0.56,-3.16,-48.1
-0.45,-3.3,-51.06
-0.34,-3.44,-53.52
-0.24,-3.57,-55.08
-0.16,-3.7,-55.4
-0.07,-3.82,-54.5
0.0,-3.92,-53.36
0.08,-4.02,-52.24
0.15,-4.11,-51.17
0.22,-4.19,-50.15
0.31,-4.3,-48.69
0.39,-4.39,-47.3
0.46,-4.47,-45.99
0.55,-4.55,-44.32
0.63,-4.63,-42.46
0.71,-4.71,-41.11
0.8,-4.78,-40.2
0.88,-4.85,-39.53
0.97,-4.92,-38.89
1.07,-5.0,-38.27
1.18,-5.08,-37.67
1.29,-5.17,-37.08
1.37,-5.23,-36.69
1.46,-5.3,-36.31
1.55,-5.36,-35.94
1.65,-5.43,-35.58
1.75,-5.5,-35.22
1.85,-5.57,-34.88
1.96,-5.65,-34.38
2.06,-5.72,-33.28
2.17,-5.79,-31.25
2.28,-5.85,-28.81
2.4,-5.92,-26.31
2.51,-5.97,-24.0
2.62,-6.01,-21.74
2.73,-6.05,-19.57
2.87,-6.1,-16.48
3.0,-6.13,-13.52
3.11,-6.16,-10.74
3.24,-6.18,-7.3
3.36,-6.19,-3.29
3.46,-6.19,2.31
3.57,-6.18,6.16
3.69,-6.17,5.92
3.8,-6.16,5.76
3.93,-6.14,5.61
4.04,-6.13,5.51
4.16,-6.12,5.4
4.29,-6.11,5.3
4.43,-6.1,5.2
4.54,-6.09,5.14
4.64,-6.08,5.07
4.75,-6.07,5.01
4.87,-6.06,4.95
4.99,-6.05,4.89
5.11,-6.04,4.83
5.24,-6.03,4.79
5.36,-6.01,5.13
5.49,-6.0,6.32
5.62,-5.99,8.45
5.75,-5.96,11.55
5.86,-5.94,14.69
5.98,-5.9,17.79
6.08,-5.87,20.71
6.18,-5.83,23.62
6.3,-5.77,27.67
6.41,-5.71,31.47
6.5,-5.65,35.12
6.58,-5.58,38.51
6.67,-5.51,41.75
6.75,-5.43,44.88
6.84,-5.34,47.89
6.94,-5.23,50.84
7.0,-5.15,52.81
7.06,-5.07,54.65
7.12,-4.98,56.53
7.18,-4.88,58.34
7.24,-4.78,60.13
7.3,-4.67,61.85
7.36,-4.56,63.59
7.42,-4.44,65.27
7.47,-4.32,66.93
7.52,-4.19,68.53
7.57,-4.06,70.12
7.62,-3.92,71.68
7.67,-3.78,73.25
7.71,-3.63,74.71
7.75,-3.49,76.18
7.78,-3.34,77.6
7.81,-3.21,78.95
7.83,-3.08,80.26
7.85,-2.96,81.51
7.87,-2.85,82.73
7.88,-2.7,84.59
7.89,-2.57,87.3
7.89,-2.46,90.73
7.89,-2.33,95.07
7.87,-2.21,100.0
7.85,-2.1,104.08
7.82,-1.99,106.63
7.78,-1.86,109.06
7.74,-1.75,110.83
7.69,-1.64,112.54
7.64,-1.51,114.23
7.57,-1.38,115.85
7.53,-1.28,116.91
7.48,-1.19,117.95
7.42,-1.09,118.97
7.37,-0.99,119.97
7.3,-0.88,120.94
7.24,-0.78,121.94
7.18,-0.68,123.16
7.12,-0.59,125.02
7.03,-0.47,128.84
6.94,-0.37,132.72
6.86,-0.29,136.32
6.77,-0.21,140.88
6.68,-0.14,145.05
6.59,-0.08,148.42
6.47,-0.01,150.81
6.38,0.04,153.28
6.28,0.08,157.37
6.17,0.12,162.54
6.04,0.16,167.44
5.9,0.18,172.31
5.76,0.19,176.97
5.65,0.2,180.11
5.54,0.19,183.04
5.42,0.19,186.01
5.3,0.17,189.32
5.19,0.15,193.26
5.08,0.11,198.06
4.96,0.07,202.79
4.85,0.02,207.8
4.75,-0.04,213.69
4.65,-0.12,220.78
4.57,-0.2,228.34
4.5,-0.28,235.59
4.43,-0.4,246.32
4.39,-0.52,257.3
4.38,-0.63,270.2
4.4,-0.75,291.21
4.47,-0.84,317.82
4.56,-0.9,340.26
4.69,-0.92,358.87
4.79,-0.9,16.34
4.9,-0.86,26.43
5.0,-0.79,36.23
5.1,-0.7,45.69
5.2,-0.59,54.95
5.25,-0.5,61.14
5.3,-0.41,66.98
5.34,-0.3,72.72
5.37,-0.18,78.56
5.39,-0.07,84.08
5.39,0.06,89.5
5.39,0.19,94.88
5.37,0.32,100.23
5.34,0.45,105.35
5.29,0.59,110.57
5.24,0.73,115.49
5.17,0.86,120.45
5.09,0.98,125.14
4.99,1.11,129.91
4.88,1.22,134.54
4.77,1.34,139.03
4.64,1.44,143.48
4.49,1.54,147.91
4.34,1.63,152.2
4.19,1.7,156.36
4.01,1.77,160.59
3.84,1.82,164.54
3.66,1.86,168.52
3.47,1.9,172.47
3.29,1.91,176.25
3.09,1.92,179.88
2.9,1.92,182.57
2.71,1.91,184.15
2.53,1.89,184.56
2.34,1.88,183.98
2.15,1.87,182.97
1.96,1.86,181.97
1.76,1.85,180.95
1.57,1.85,179.99
1.37,1.85,179.02
1.26,1.85,178.54
1.06,1.86,177.6
0.95,1.87,177.13
0.75,1.88,176.23
0.54,1.89,175.35
0.43,1.9,174.91
0.33,1.91,174.47
0.22,1.92,174.03
0.11,1.93,173.61
0.0,1.95,173.18
-0.1,1.96,172.76
-0.21,1.97,172.36
-0.32,1.99,171.94
-0.43,2.01,171.53
-0.63,2.04,170.76
-0.83,2.07,170.0
-1.0,2.1,169.28
-1.18,2.14,168.57
-1.34,2.17,167.92
-1.49,2.2,167.26
-1.63,2.24,166.65
-1.76,2.27,166.03
-1.88,2.3,165.48
-2.0,2.33,164.92
-2.11,2.36,164.39
-2.22,2.39,163.87
-2.33,2.42,163.37
-2.44,2.46,162.89
-2.56,2.49,162.42
-2.68,2.53,161.95
-2.81,2.58,161.48
-2.94,2.62,161.04
-3.07,2.67,160.59
-3.2,2.71,160.17
-3.34,2.76,159.74
-3.49,2.82,159.32
-3.64,2.87,158.9
-3.78,2.93,158.51
-3.93,2.99,158.12
-4.08,3.05,157.73
-4.24,3.12,157.35
-4.39,3.18,156.82
-4.55,3.25,155.59
-4.7,3.32,153.32
-4.85,3.4,149.86
-4.98,3.49,145.23
-5.11,3.58,139.19
-5.22,3.7,131.56
-5.31,3.82,122.75
-5.38,3.95,112.36
-5.42,4.09,100.95
-5.44,4.23,88.15
-5.41,4.37,74.13
-5.36,4.5,58.75
-5.27,4.6,42.62
-5.16,4.68,25.2
-5.04,4.71,6.72
-4.93,4.65,326.43
-4.84,4.57,305.25
-4.79,4.45,282.73
-4.79,4.32,259.4
-4.83,4.21,237.44
-4.93,4.11,214.82
-5.05,4.06,192.57
-5.19,4.05,170.49
-5.33,4.1,149.09
-5.43,4.19,130.15
-5.5,4.31,112.1
-5.53,4.44,96.01
-5.53,4.57,82.15
-5.5,4.69,69.82
-5.44,4.8,59.37
-5.37,4.9,50.75
-5.29,4.99,43.73
-5.21,5.06,38.68
-5.12,5.13,35.21
-5.02,5.19,33.37
-4.93,5.25,33.04
-4.84,5.31,34.24
-4.76,5.37,36.85
-4.68,5.44,40.9
-4.61,5.51,46.4
-4.51,5.62,56.16
-4.46,5.72,62.93
-4.41,5.82,69.32
-4.37,5.93,75.59
-4.35,6.05,81.91
-4.34,6.18,88.02
-4.34,6.31,94.1
-4.36,6.43,99.78
-4.39,6.56,105.61
-4.42,6.67,110.82
-4.46,6.77,116.1
-4.51,6.86,121.11
-4.59,6.97,128.28
-4.67,7.06,135.06
-4.77,7.14,143.56
-4.86,7.2,151.39
-4.95,7.24,161.98
